ͳƽ
	55221
	17901
һ	17649
	13703
	12962
	12588
	12438
	11946
	11634
	11194
	11072
	10971
	9294
Ϊ	8887
	8512
ҵ	7702
	7472
	7405
	7388
	6889
	6842
Ҫ	6741
	6614
	6600
	6562
	6527
	6413
	6345
	6336
	6262
	6062
	6046
	5967
	5824
	5821
	5613
	5546
	5540
	5525
	5428
ȫ	5296
	5276
	5170
	5021
	5003
	4954
ʱ	4886
	4682
	4662
	4658
չ	4587
	4580
ʵ	4561
	4411
ѧ	4392
	4380
	4357
	4337
	4295
ͬ	4264
	4207
	4149
	4100
	3999
	3995
	3982
	3959
	3945
	3924
	3921
	3805
	3796
	3777
	3766
	3747
	3709
	3706
	3571
	3570
	3523
	3474
	3469
	3438
	3435
ǰ	3411
	3405
	3388
	3369
	3360
	3349
	3329
˵	3280
	3259
	3257
	3223
	3221
	3205
	3191
Ա	3185
	3172
	3123
	3108
	3089
	3055
	3026
Ҳ	2948
	2947
ʮ	2935
	2930
֮	2919
	2916
	2910
	2908
	2899
	2893
ƽ	2891
	2873
	2851
ũ	2846
	2830
	2818
Ԫ	2813
С	2792
	2764
	2763
	2743
	2740
	2716
	2702
	2655
	2652
	2651
	2648
	2646
	2631
	2626
ί	2597
	2581
Ʒ	2573
	2555
	2551
	2535
ǿ	2501
	2478
	2460
	2452
	2446
	2441
	2437
Ŀ	2416
	2413
ͨ	2394
	2391
	2365
	2363
ϵ	2363
	2361
ˮ	2360
	2354
λ	2346
	2343
	2324
	2308
	2283
	2280
	2268
	2260
	2238
	2219
ȥ	2218
ʡ	2206
	2205
	2184
	2183
	2181
	2166
	2152
ʹ	2147
	2140
	2140
	2134
	2131
	2123
ͳ	2121
	2119
	2115
	2105
	2093
	2088
Щ	2080
	2078
Ӧ	2077
	2054
	2051
	2040
	1998
	1979
	1978
	1972
	1965
	1962
	1960
	1960
	1957
	1943
	1933
	1933
	1929
	1928
Ժ	1914
˾	1913
	1908
	1903
	1900
	1898
	1891
	1874
	1862
	1857
	1857
ȡ	1854
	1845
	1839
	1836
	1835
	1829
	1828
	1821
	1821
	1812
	1809
	1808
ս	1798
	1780
	1779
	1758
	1745
	1732
	1720
	1703
	1687
	1684
	1682
·	1679
	1670
	1648
ɽ	1645
Ȼ	1635
	1634
	1632
	1621
	1619
	1618
	1612
	1607
־	1600
	1598
	1597
	1590
	1588
	1581
	1577
	1573
	1568
	1567
	1564
	1558
	1557
	1554
	1547
	1547
ְ	1543
	1537
	1534
	1532
	1530
	1530
ָ	1526
	1524
	1522
	1521
	1518
	1508
	1504
	1495
	1494
	1491
	1488
	1481
˹	1460
	1447
	1446
	1436
	1433
	1428
	1426
	1425
	1424
	1409
ԭ	1401
	1394
	1380
̨	1378
	1377
	1375
	1366
ʩ	1363
ʽ	1356
	1350
ͼ	1345
	1337
	1336
	1336
Ⱥ	1333
	1328
	1325
	1324
Ů	1318
	1312
	1298
	1298
	1290
	1283
	1282
	1282
	1280
	1274
	1273
	1272
û	1272
Э	1271
Ͷ	1267
֧	1266
	1262
	1260
	1254
	1246
	1234
Ƭ	1232
	1232
	1232
	1227
	1224
ֻ	1220
˼	1220
ѡ	1218
	1216
ʾ	1212
	1210
	1207
	1206
	1204
֤	1204
	1201
ƶ	1196
	1193
	1190
	1185
	1183
	1183
	1175
	1171
ר	1170
	1163
	1161
	1159
	1156
	1155
	1153
	1149
	1145
	1141
ͷ	1136
	1135
Ӫ	1134
Ч	1133
	1129
	1117
	1107
	1103
	1100
	1098
	1097
	1097
	1095
֯	1086
	1085
	1085
	1084
ס	1079
	1070
	1061
	1049
	1039
	1038
	1038
Ӱ	1036
	1035
	1029
	1029
	1026
ʷ	1022
	1015
	1010
	1009
ϯ	1008
	1005
	1002
	994
ÿ	994
	988
	983
	982
	981
̸	980
	979
	976
	971
	962
	958
	956
	956
	955
	952
	952
	950
	945
	942
	942
	941
	939
ת	938
ɫ	937
	936
	936
	934
	929
	921
ȷ	920
	918
	918
֪	913
Ȩ	907
	904
	900
	892
	887
	884
׼	883
	882
	880
	878
ʶ	877
	876
	876
Ӣ	870
	870
	869
	869
	868
	862
ֱ	860
	856
	854
	852
ҽ	852
ֵ	851
	849
Լ	848
	844
Ѷ	841
ʼ	837
	833
	833
	828
ô	823
	822
	821
	816
	815
	814
	809
	807
	804
	801
	800
	798
	797
	796
	796
	792
	791
	790
	789
	789
	783
	783
	782
	780
	779
	776
	772
Խ	771
	770
	770
	768
ģ	767
	765
ʿ	762
	760
	759
Դ	758
ʯ	755
	750
	749
	748
˫	746
	746
	746
	745
	744
	743
Ǯ	739
	732
	731
	729
	728
	726
	726
	725
	725
	721
	720
	712
	702
	699
ά	699
	698
	693
	692
	691
	691
	689
Ϣ	689
ϣ	687
	687
	682
	680
ǧ	679
ŷ	679
Զ	677
	675
	675
	671
δ	670
	669
	668
	667
	667
	667
	666
	665
	662
	662
	655
	653
	652
ó	652
	649
У	649
	649
	648
	645
	644
ʧ	641
ʦ	636
	636
	635
	634
	634
	633
	629
	629
	628
ץ	625
	625
	623
	622
	621
ͻ	620
	620
	620
	619
	619
	616
	615
ռ	615
װ	614
	613
	611
	606
	605
	603
	603
	598
	598
	596
	595
ϰ	593
	593
	592
	591
	591
	590
	590
	588
	587
	587
	586
վ	585
ӭ	584
	584
	584
	582
ע	579
	577
Χ	576
	574
	573
	571
	571
	571
	566
ѩ	565
	565
	565
̫	564
	563
Ʊ	562
Ŭ	560
	560
	556
	555
ִ	554
	553
	553
	552
	552
	551
Ԥ	551
	550
ʳ	549
	545
	543
Ը	540
	540
	540
	540
˰	538
	536
	536
	534
	532
̬	531
ȴ	531
	530
	530
	528
Σ	527
	526
	524
	524
	523
ϲ	520
	518
	515
	513
	511
	510
	509
	509
	507
	507
д	506
	504
	503
	502
	501
	501
	498
	497
ΰ	495
	495
	492
	489
	489
	489
	488
	486
	484
	484
פ	484
	483
	483
	481
	481
	477
	476
	475
	474
	474
	473
	472
	471
	470
ҩ	470
	469
	468
	467
	466
	465
	465
	464
	464
	464
	463
	462
	461
	461
	460
	460
	458
	458
	458
ʲ	458
	458
	458
	456
	452
	450
	448
ʤ	448
	448
ѵ	444
	441
ӡ	441
	437
	435
	435
	433
	433
	433
	431
	430
	429
	429
	427
	426
	426
	425
	422
	422
̽	421
	420
	419
	418
	416
	415
	413
	413
״	412
	409
ͥ	407
	407
	406
	405
	404
	403
	403
	401
	400
ֹ	400
	400
	398
	398
԰	396
	393
	392
	390
	389
	388
	387
	387
ף	386
	384
	382
	381
	381
	378
	378
	377
	376
	375
Ϸ	375
	374
	373
	373
	371
	369
	368
	367
	363
	363
	362
	360
	359
	359
	358
ӵ	358
	357
	356
	355
	353
	352
	351
	350
	350
ʢ	350
	349
	348
	347
	346
	345
˽	345
	344
	343
̩	342
л	341
	340
	340
	339
	339
	338
	338
	338
	338
	337
	337
Ѫ	337
˳	336
	336
	336
	335
ҹ	335
	335
	335
	335
	333
	333
Υ	333
	331
	331
	331
	330
ӳ	329
ů	329
	329
	329
ͣ	328
	328
	327
	327
	326
	325
	324
¼	324
	324
	323
	322
	321
ѹ	321
	320
	320
	319
	319
ĳ	319
ȯ	319
	318
	318
	317
	317
	317
	317
	315
ľ	315
	314
¥	313
	313
	311
	310
	310
	309
	308
ȱ	305
	305
	305
	304
	303
	303
	302
	302
	302
	302
	301
	301
	301
	298
ͯ	298
̹	298
	296
	295
	294
	294
	293
	293
	293
ο	292
	291
	291
	289
	288
	287
	287
	286
	286
	285
	285
ծ	285
ĸ	281
	280
	280
	278
Ҷ	278
	277
	277
	277
	276
	275
	275
	275
	273
ë	271
	271
	270
	268
ɳ	268
	267
	267
	267
	266
	266
	265
	265
	265
	265
	265
	264
	262
	262
	262
	261
	260
³	260
	258
	258
	257
	256
	255
	255
	254
ϸ	254
	254
	253
	251
	249
½	249
	248
	248
	247
	246
	244
	244
	243
	242
	242
	242
	241
	241
	241
	240
	239
ǩ	239
	238
	238
	237
Ķ	237
	236
	235
	233
	232
	231
׷	231
	231
	230
	230
	229
	228
	228
	228
ׯ	227
	226
Ұ	225
	225
	225
	225
	224
Ī	224
Ц	224
	224
Ԯ	223
	222
	222
	222
	222
	221
ƪ	221
	221
Ѹ	221
	221
	220
	220
	220
	220
ֽ	220
	218
;	217
	217
	217
	217
Ӿ	217
Ļ	216
	216
	216
֣	215
	215
Ծ	215
	214
	214
	213
	213
	213
	213
	213
	212
	211
	211
ֲ	211
	211
	211
	211
	211
	210
	210
Ϥ	209
	207
׳	207
ŵ	207
	207
	206
	206
Ѱ	206
	205
	205
	205
ɢ	205
	205
	204
	203
	203
	202
ζ	202
ţ	201
ɭ	201
	200
	200
	200
¶	200
	199
	198
	198
	196
΢	196
	196
	195
Ⱦ	195
	195
	195
	194
	194
	194
	193
	193
	192
	191
	191
	191
ı	190
	190
ú	190
˭	190
	188
	188
	187
	187
	187
	187
	185
	184
	183
	183
	183
	183
	183
	183
	183
	183
	182
	182
	182
	182
	182
	181
	180
	180
æ	180
ʥ	179
ò	179
	179
	179
	178
	178
	178
	178
	178
	178
	178
	177
	176
	176
¬	176
	175
	175
	174
	174
	174
	174
ĩ	173
ý	172
	172
	171
	171
	171
	170
	170
	170
	170
	169
	169
	169
	169
͸	169
	168
	168
	168
	168
	167
	167
	167
	166
	166
	166
	166
	166
Բ	165
	165
	164
	164
	163
	163
	163
	162
	162
	161
	161
	161
	161
	161
	160
	160
	160
	160
	159
	159
	159
	159
	159
	159
	159
	158
	158
	157
	157
	157
	156
	155
	155
	155
	155
	154
Ӳ	154
	154
	154
	154
	153
	153
	152
	152
	151
	151
	150
	150
	150
ì	149
	149
	149
	149
¡	149
	148
Ǳ	148
	148
Ũ	148
	148
	147
ð	147
Ϧ	147
	146
	145
	144
	144
	144
	144
	144
	144
	143
	142
	142
	142
÷	142
	142
	142
	141
	141
	141
Ȥ	141
ѯ	140
	140
	140
	140
	140
Ĭ	139
	139
	139
α	139
	138
	138
	138
ʹ	138
	138
̳	137
	137
Ͽ	136
Ŧ	136
	135
ƫ	135
	135
	135
	135
	134
	134
	134
	134
	134
	134
	132
Ψ	132
	132
	131
Ƥ	131
Ȫ	131
	130
	130
	129
	129
	129
	129
	129
	129
	129
	129
	129
	129
	129
ɣ	128
	128
	128
Ħ	128
	127
	127
	127
	127
	127
	126
	126
	126
	125
	125
	125
	125
	124
ν	124
ķ	124
ү	124
	123
	123
	123
	122
Ͻ	122
	122
	122
	121
	121
	121
	121
Ǩ	121
	121
	120
	120
	120
	119
	119
	119
	118
	118
	118
	118
	118
	117
ȼ	117
	117
	117
	117
	117
	117
	116
	116
	116
	116
	116
	115
	114
ʫ	114
	114
	113
	113
	113
	113
	112
	112
	112
	112
	112
	111
	111
	110
	110
	110
	110
	110
	110
ɱ	110
	109
ԣ	109
	109
ī	109
	109
	109
	109
	108
	108
	108
	108
ּ	107
	107
	107
	107
	106
	106
	106
	106
	105
	105
	105
	104
	104
	104
	104
	104
	103
	103
	103
е	103
	103
	103
	102
	102
	102
	102
ɨ	102
	101
Ф	101
˿	101
	101
	100
	100
	100
ѭ	100
	100
	100
	100
	100
	100
	99
	99
	99
	99
	98
	98
	98
	98
	98
	98
	97
	97
	97
	97
	97
	97
	97
	97
լ	97
	97
	96
	96
ֳ	96
	96
ҡ	96
Τ	96
	96
	96
	96
	95
	95
	95
	95
	95
	95
	95
	94
	94
	94
	94
	94
	94
	93
	93
	93
	93
	92
	92
	92
	92
	92
Ү	92
	91
	91
̤	91
	91
	91
	91
	91
	91
	91
ϴ	90
ʪ	90
	90
	90
	90
	90
͢	90
	90
	90
Ԭ	89
	89
ǽ	89
	89
	89
	89
	89
	89
	89
ͭ	89
ӯ	88
	88
	88
	88
	88
Ϫ	88
	88
	88
Ƶ	87
	87
	87
	87
	87
	87
ʻ	87
	87
и	86
	86
	86
̯	86
	86
ξ	85
	85
	85
	85
	84
	84
	84
	84
	84
	84
	84
	84
	84
	84
	84
	84
	83
	83
	83
	83
	83
ӿ	83
	83
	82
	82
	82
	82
	82
	82
	81
	81
Ӯ	81
	81
	81
	81
	81
	81
	81
	80
	80
	80
	80
ҫ	80
	80
ƾ	80
	80
	79
	79
ǣ	79
	79
̰	79
	79
	79
ͽ	79
	79
	79
	78
	77
׿	77
	77
	77
	77
	77
	77
	77
	77
	77
	77
	76
	76
	76
	76
	76
	76
Ѻ	76
	75
	75
	75
	75
	75
	75
	75
ï	75
	74
	74
	74
	74
	74
	74
	74
Ƹ	74
	74
	74
	73
ǹ	73
	73
	73
	72
	72
	72
	72
̾	72
	72
β	72
	72
	72
ö	72
	72
	71
	71
	71
	71
	71
	71
͵	71
	71
	71
	70
	70
	70
	70
	70
ƴ	70
	70
	70
	69
	69
	69
	69
Ե	69
֢	69
	69
Я	68
	68
Ƿ	68
	68
̲	68
	68
	68
	68
	68
Ϯ	67
	67
	67
Ť	67
	67
	67
կ	66
	66
	66
	66
	66
	66
	66
	66
	66
	66
	65
	65
˥	65
ĥ	65
Ʈ	65
	65
	65
	64
ժ	64
	64
	64
	63
	63
	63
ż	63
	63
	63
	63
	63
	63
	63
	63
	63
	62
	62
Ѯ	62
	62
	62
	62
	62
	62
	62
	61
	61
Һ	61
	61
	61
	61
	61
	61
	61
˶	60
	60
	60
	60
ƭ	60
	60
ͦ	60
	60
	60
Ѳ	60
	60
	60
в	59
	59
	59
	59
	59
	59
Ͱ	59
	58
	58
	58
	58
	58
	58
	58
	58
	58
	58
	58
	58
	58
	57
	57
	57
ϡ	57
	57
	57
Ų	57
	57
	56
	56
	56
	56
Ȧ	56
	56
	56
	56
	56
	56
	56
Ū	55
֦	55
	55
ϼ	55
	55
	54
	54
	54
	54
ʣ	54
ѫ	54
	54
	54
	54
ĭ	54
	54
	54
	53
	53
	53
	53
	53
	53
	53
	53
	53
	53
ը	53
	53
	53
	53
ϧ	53
	53
	53
Ľ	53
	53
	52
	52
	52
	52
	52
	52
	52
	52
	52
	52
	52
	52
	52
F	51
̷	51
	51
	51
	51
	51
	51
	51
	51
ǡ	51
ӱ	51
	51
	50
	50
	50
	50
ä	50
	50
	49
	49
˯	49
	49
	49
	49
	49
ü	49
	49
ͤ	49
̧	49
	49
	49
	49
б	49
̿	49
	49
	48
	48
ñ	48
	48
	48
	48
	48
	48
	48
	48
ơ	48
	47
	47
	47
	47
ԥ	47
	47
	47
	47
˧	47
	47
	47
	47
	47
	46
	46
	46
	46
	46
	46
̭	46
	46
	45
	45
ˢ	45
	45
	45
	45
©	45
	45
	44
	44
	44
	44
ܰ	44
ң	44
Т	44
	44
	44
	44
ַ	44
	44
¢	44
	44
	44
	44
	44
	44
ѽ	44
	44
	44
	43
Ƽ	43
	43
	43
	43
	43
	43
	43
	43
	43
	43
	43
	43
	43
ǫ	42
	42
	42
	42
	42
	42
ƺ	42
	42
¹	42
	42
	42
	42
	41
	41
	41
ɥ	41
	41
	41
	41
	41
	41
ҳ	41
	41
	41
Ϳ	41
Ư	41
׬	41
	41
	41
	41
	41
ƿ	41
	40
Ǹ	40
	40
	40
	40
	40
	40
	40
	40
	40
	40
	40
	40
κ	40
	40
	40
	40
	40
	39
׫	39
	39
	39
	39
	39
	39
	39
	39
	39
	39
ұ	39
	39
	39
	39
	39
	39
	39
	38
	38
	38
	38
	38
Ӥ	38
	38
	37
ǳ	37
	37
	37
	37
Ь	37
	37
	37
¯	37
	37
	37
	37
é	37
	37
	37
	37
	37
	37
ɩ	37
	37
	37
	36
	36
	36
	36
	36
	36
	36
	36
Ѽ	36
	36
	36
	35
	35
	35
	35
	35
	35
ã	35
	35
	35
	35
	35
	35
	35
	35
	35
	35
ɼ	35
թ	35
	35
	34
	34
	34
	34
	34
	34
	34
	34
	34
Ǵ	34
	34
Ȱ	34
	34
	34
	34
Ҧ	34
	34
	33
	33
ײ	33
ǲ	33
	33
	33
	33
	33
	33
	33
	33
	33
й	33
	33
	33
Į	33
	33
	33
ƹ	33
	33
ɶ	33
	33
	33
ȭ	33
ի	33
	33
	32
ո	32
	32
	32
	32
	32
	32
	32
	32
	32
̶	32
	32
յ	31
г	31
η	31
	31
	31
	31
	31
	31
	31
	31
	31
	31
	31
	31
	31
	31
ͧ	31
	31
	31
	31
	31
	31
	31
դ	31
	31
ֿ	30
	30
Ҥ	30
	30
	30
	30
	30
ĵ	30
Ԩ	30
	30
	30
	30
Թ	30
	30
	30
	30
	30
	30
	30
	30
»	30
	30
	30
	30
	29
	29
	29
	29
	29
	29
	29
	29
	29
	29
	29
	29
	29
	29
	29
	29
	28
ӥ	28
֥	28
	28
	28
	28
ʨ	28
	28
	28
	28
ɴ	28
	28
	28
	28
¸	28
	27
	27
	27
ɡ	27
	27
ļ	27
	27
	27
ŭ	27
	27
	27
	27
	27
	27
ӻ	27
ƣ	27
	27
	27
ж	27
	27
Ъ	27
	27
ӹ	27
տ	26
	26
	26
	26
ɰ	26
	26
	26
	26
	26
	26
	26
	26
	26
	26
	26
ӫ	26
	26
	25
	25
	25
	25
	25
Х	25
	25
	25
ε	25
	25
	25
	25
ש	25
	25
	25
	25
	25
	25
è	25
	25
	25
	25
	25
	25
	25
	25
	25
	24
	24
	24
	24
	24
	24
	24
	24
	24
	24
	24
ȸ	24
	24
	24
	24
	24
Ѵ	24
ħ	24
	24
	24
	24
н	24
	24
ƥ	24
	24
	24
Ĥ	24
ˤ	24
ɹ	24
ɲ	24
	24
ˬ	24
̥	24
	24
	24
	23
	23
Ө	23
	23
	23
	23
Ѧ	23
	23
	23
	23
	23
	23
	23
	23
	23
	23
׮	23
	23
	23
	23
	23
	23
	23
	22
	22
	22
	22
	22
µ	22
	22
	22
	22
˪	22
	22
Կ	22
	22
	22
	22
	22
	22
	22
	22
	22
	22
	22
	22
ǻ	22
	22
	22
	21
	21
	21
	21
	21
	21
	21
̱	21
	21
	21
ϱ	21
ʰ	21
	21
	21
Ͼ	21
	21
	21
	21
ͩ	21
ê	21
	21
	21
	21
ʴ	21
	21
	21
	21
	21
	21
բ	20
	20
	20
	20
	20
	20
	20
	20
	20
	20
ѷ	20
	20
ɧ	20
	20
̺	20
	20
	20
	20
	20
Ͳ	20
˦	20
հ	20
	20
	20
	20
	20
Ĳ	20
	20
	20
	20
	20
	19
	19
	19
˲	19
	19
	19
	19
Ԣ	19
	19
	19
	19
	19
Ѥ	19
	19
	19
	19
	19
о	19
	19
	19
ؽ	19
	19
	19
	19
	19
	19
Ƚ	18
	18
	18
	18
	18
	18
˸	18
	18
	18
	18
֬	18
ɮ	18
	18
	18
	18
	18
	18
	18
׹	18
	18
	18
	18
	18
	18
	18
	18
	18
	18
	18
	18
ѿ	18
	18
	18
	18
	18
	18
	18
	18
	18
	18
	18
Ѩ	18
Ң	18
˷	18
	18
	18
	17
	17
	17
Ĩ	17
	17
մ	17
ک	17
ƻ	17
	17
	17
	17
	17
	17
׽	17
Ǭ	17
	17
	17
	17
	17
	17
	17
	17
	17
	17
	17
	17
Ρ	17
	17
	17
	17
	17
	17
ǭ	16
	16
	16
μ	16
϶	16
֭	16
	16
	16
׭	16
	16
	16
£	16
	16
	16
խ	16
	16
	16
	16
Ĺ	16
	16
	16
	16
İ	16
	16
	16
	16
	16
	16
	16
	16
а	16
Ҭ	16
	16
	16
	16
۳	16
	16
	16
	15
	15
	15
к	15
	15
	15
	15
	15
	15
	15
	15
«	15
	15
	15
	15
	15
	15
	15
	15
	15
Ի	15
	15
	15
	15
	15
	15
	15
	15
Ǣ	15
Ѭ	15
	15
ι	15
	15
	15
	15
	15
	15
	15
	15
	15
׵	15
	15
ԡ	15
إ	15
	15
	15
	15
	15
	15
	14
	14
	14
	14
ĺ	14
	14
	14
	14
	14
	14
	14
ç	14
	14
	14
	14
	14
	14
	14
ӽ	14
	14
	14
	14
	14
	14
Ǧ	14
	14
	14
	14
	14
	14
	14
	14
	14
	14
	14
	14
	14
ݺ	14
	14
	14
	14
	14
	14
	14
ӣ	14
	14
	14
	13
	13
	13
	13
	13
	13
	13
ɯ	13
	13
	13
	13
	13
γ	13
	13
	13
	13
	13
	13
	13
	13
	13
	13
	13
	13
	13
ª	13
ϩ	13
Է	13
	13
	13
	13
	13
׺	13
	13
	13
	13
	13
̼	13
	13
	13
	13
	13
	13
	13
٤	13
	13
	13
զ	13
	13
	13
ع	13
	13
	13
	13
	13
	13
	13
	13
	12
ϥ	12
	12
	12
	12
	12
	12
	12
ղ	12
¨	12
	12
	12
	12
	12
	12
	12
	12
خ	12
	12
	12
	12
	12
	12
	12
	12
	12
	12
	12
	12
	12
ҧ	12
	12
	12
	12
	12
	12
	12
	12
	12
	12
	12
	12
	12
	12
	12
	12
Ω	12
ԫ	12
	12
ˡ	12
	12
	12
	12
̴	12
	11
	11
	11
	11
	11
	11
	11
	11
	11
	11
	11
	11
	11
ɺ	11
˨	11
	11
	11
	11
	11
	11
Ƕ	11
	11
	11
	11
	11
	11
	11
֫	11
	11
Ƨ	11
	11
	11
	11
	11
	11
	11
	11
	11
ԩ	11
	11
	11
ή	11
	11
ɤ	11
	11
	11
	11
	11
	11
	11
	11
	11
	11
	11
	11
	11
ȹ	11
	11
	11
	11
	11
	11
	11
	11
	11
	10
	10
	10
â	10
	10
į	10
	10
	10
	10
	10
	10
	10
	10
Ȣ	10
	10
	10
	10
	10
	10
	10
	10
	10
	10
	10
	10
	10
	10
	10
	10
	10
	10
	10
	10
ť	10
	10
	10
	10
	10
	10
	10
ճ	10
	10
	10
Ԧ	10
	10
	10
	10
	10
θ	10
	10
	10
м	10
	10
Ҵ	10
	10
	10
	10
	10
	10
	10
	10
	10
	10
	10
	10
ٸ	10
	10
	10
	10
	9
	9
ɾ	9
	9
ɷ	9
	9
ʸ	9
	9
	9
	9
͹	9
	9
	9
	9
	9
	9
ū	9
	9
	9
ܽ	9
	9
	9
	9
ɸ	9
	9
	9
	9
	9
	9
	9
	9
	9
´	9
Ʃ	9
ù	9
	9
	9
	9
	9
̮	9
	9
	9
	9
	9
	9
	9
ߦ	9
	9
ͱ	9
	9
	9
	9
	9
	9
	9
	9
	9
	9
	9
	9
	9
	9
	9
	9
	9
	9
֨	9
	9
	9
	9
	9
	9
	9
	9
	9
	9
	9
	9
	9
	9
	9
	8
	8
	8
ҥ	8
ҷ	8
	8
	8
	8
	8
	8
	8
	8
	8
	8
	8
	8
׾	8
	8
	8
	8
	8
˺	8
	8
®	8
ױ	8
	8
	8
	8
	8
	8
	8
	8
	8
	8
	8
	8
	8
	8
	8
	8
	8
	8
	8
	8
	8
	8
	8
	8
ˣ	8
	8
	8
	8
	8
	8
	8
	8
	8
ֶ	8
	8
	8
	8
	8
	8
ձ	8
	8
	8
	8
	8
	8
	8
	8
	8
	8
	8
Ӵ	8
	8
	8
է	8
	8
	8
	8
	8
	8
	8
	8
	8
	8
	8
ž	8
	8
	8
	8
	7
ø	7
	7
	7
	7
	7
	7
	7
֡	7
	7
	7
	7
	7
	7
	7
	7
	7
	7
	7
	7
	7
	7
	7
	7
˩	7
	7
	7
	7
	7
	7
	7
	7
	7
	7
	7
٩	7
	7
	7
	7
	7
	7
	7
	7
	7
	7
	7
	7
	7
	7
	7
	7
	7
	7
	7
	7
ٮ	7
	7
	7
	7
	7
	7
	7
	7
٪	7
ټ	7
	7
	7
	7
	7
	7
	7
ڹ	7
	7
	7
	6
	6
	6
	6
	6
	6
	6
	6
Ż	6
	6
	6
	6
	6
	6
	6
	6
	6
	6
	6
	6
	6
	6
	6
	6
ͮ	6
	6
ѻ	6
	6
	6
Ӭ	6
	6
B	6
	6
	6
	6
ק	6
	6
	6
	6
	6
	6
	6
١	6
	6
	6
	6
	6
	6
	6
	6
	6
	6
	6
ߺ	6
ɪ	6
Ϋ	6
	6
Ĵ	6
	6
	6
	6
	6
	6
	6
	6
	6
	6
	6
	6
	6
	6
	6
ն	6
	6
	6
	6
	6
	6
	6
	6
	6
	6
	6
	6
	6
ȩ	6
V	6
	5
	5
	5
	5
	5
	5
	5
ɬ	5
	5
	5
	5
	5
	5
	5
	5
	5
	5
ʬ	5
	5
	5
	5
͡	5
	5
Ű	5
	5
	5
	5
	5
Ź	5
ݶ	5
	5
	5
	5
	5
	5
	5
	5
	5
	5
	5
	5
	5
	5
	5
	5
	5
գ	5
	5
	5
Ţ	5
ɵ	5
	5
	5
	5
	5
ڶ	5
	5
	5
	5
	5
ޥ	5
շ	5
	5
	5
	5
	5
	5
	5
	5
	5
	5
	5
	5
	5
	5
	5
	5
	5
	5
	5
	5
	5
	5
	5
	5
	5
	5
Ŷ	5
	5
	5
	5
	5
˴	5
	5
	5
	5
	5
	5
	5
ſ	5
	5
	5
	5
	5
	5
ӷ	5
	5
	5
ƨ	5
	5
	5
	5
	5
¦	5
Ϻ	5
	5
Φ	5
	5
	5
	5
	5
	5
Ϩ	5
	5
	5
¤	5
	5
	5
	5
	5
	5
	5
ܿ	5
	5
ջ	5
	4
	4
Ю	4
	4
	4
	4
	4
	4
	4
	4
	4
	4
߬	4
	4
	4
	4
	4
	4
	4
	4
	4
	4
	4
	4
	4
	4
	4
ߵ	4
	4
	4
	4
Ӻ	4
	4
ư	4
	4
	4
޼	4
	4
	4
	4
	4
	4
	4
	4
	4
ġ	4
	4
	4
	4
§	4
	4
	4
	4
з	4
	4
	4
	4
	4
	4
ԧ	4
	4
	4
	4
	4
	4
	4
	4
	4
Ǻ	4
	4
	4
	4
	4
	4
ޱ	4
ب	4
	4
	4
	4
	4
	4
	4
	4
	4
	4
	4
	4
	4
	4
	4
	4
̻	4
	4
	4
	4
	4
	4
	4
	4
	4
	4
	4
	4
	4
	4
	4
	4
	4
	4
	4
	4
	4
	4
	4
	4
	4
	4
	4
	4
Ŵ	4
	4
	4
	4
	4
	4
̢	4
	4
ե	4
	4
	4
	4
	4
	4
	4
	4
	4
	4
έ	4
	4
	4
	4
	4
Ȯ	4
	4
	4
	4
	4
	4
	4
	4
	4
	4
	4
	4
ͪ	4
	4
	4
	4
ݥ	4
	4
	4
	4
ǯ	4
׻	4
	4
	4
	3
	3
	3
	3
	3
	3
	3
	3
	3
	3
	3
	3
	3
	3
ۡ	3
	3
ٲ	3
צ	3
	3
	3
߳	3
	3
	3
	3
ߢ	3
	3
	3
Ӷ	3
	3
	3
	3
Ÿ	3
	3
	3
	3
	3
	3
	3
ٻ	3
	3
	3
	3
	3
	3
	3
	3
	3
	3
	3
	3
	3
	3
	3
	3
	3
	3
	3
	3
	3
	3
	3
	3
	3
	3
	3
	3
	3
	3
	3
	3
	3
	3
Ģ	3
	3
	3
	3
	3
	3
	3
ݱ	3
	3
ѳ	3
	3
	3
	3
	3
	3
	3
	3
	3
	3
	3
	3
	3
	3
	3
۶	3
ܭ	3
	3
	3
	3
	3
õ	3
	3
	3
	3
	3
	3
	3
ҭ	3
	3
	3
ѣ	3
	3
	3
š	3
	3
	3
	3
	3
	3
ز	3
ǥ	3
	3
	3
	3
	3
	3
̵	3
	3
	3
	3
	3
	3
	3
	3
	3
	3
	3
	3
²	3
	3
	3
	3
	3
Ѣ	3
	3
	3
	3
	3
	3
	3
	3
	3
Ǽ	3
Ҹ	3
	3
	3
	3
	3
ݼ	3
	3
	3
	3
	3
	3
	3
	3
	3
	3
	3
	3
	3
	3
	3
׶	3
	3
	3
	3
ݷ	3
	3
	3
Ϲ	3
	3
	3
	3
	3
Ȳ	3
	3
ȵ	3
ѱ	3
	3
	3
	3
	3
	3
޹	3
ڭ	3
޿	3
	3
	3
	3
	3
	3
ߴ	3
	3
	3
	3
	3
	3
	3
	3
	3
	3
	3
	3
	3
	3
	3
	3
	3
	3
	2
	2
	2
	2
	2
	2
	2
	2
ǵ	2
	2
	2
	2
	2
	2
	2
	2
	2
	2
	2
	2
ݰ	2
	2
	2
	2
	2
	2
	2
	2
	2
	2
	2
	2
ʺ	2
	2
	2
	2
	2
	2
	2
߮	2
	2
	2
ݬ	2
	2
	2
	2
	2
	2
	2
ϫ	2
	2
	2
	2
	2
	2
	2
ٿ	2
	2
	2
	2
	2
	2
	2
	2
	2
	2
	2
	2
	2
	2
	2
	2
	2
	2
ا	2
ګ	2
	2
	2
	2
¿	2
	2
	2
	2
	2
	2
	2
	2
	2
	2
	2
	2
	2
	2
	2
߯	2
	2
	2
	2
	2
	2
	2
	2
	2
	2
	2
	2
	2
	2
	2
	2
	2
	2
	2
	2
	2
	2
	2
	2
	2
	2
̦	2
	2
	2
	2
	2
	2
	2
	2
	2
	2
	2
	2
	2
	2
߶	2
	2
	2
	2
	2
	2
	2
	2
ݸ	2
	2
	2
	2
	2
	2
	2
	2
أ	2
	2
	2
	2
	2
	2
	2
	2
	2
	2
	2
	2
	2
	2
	2
	2
	2
	2
	2
	2
	2
	2
	2
	2
Ʋ	2
	2
	2
	2
	2
	2
	2
	2
	2
	2
	2
	2
	2
	2
	2
	2
	2
	2
	2
	2
	2
	2
	2
	2
	2
	2
ެ	2
ӧ	2
Ҩ	2
	2
	2
ֺ	2
	2
	2
	2
	2
	2
ҿ	2
	2
	2
	2
	2
	2
	2
	2
	2
ϻ	2
	2
	2
	2
Ƣ	2
	2
	2
ڤ	2
	2
п	2
Ϭ	2
	2
	2
ۿ	2
å	2
	2
	2
	2
	2
	2
	2
	2
	2
	2
	2
	2
	2
	2
	2
	2
	2
	2
	2
	2
	2
	2
	2
	2
	2
	2
	2
	2
	2
	2
	2
	2
	2
ȿ	2
ܷ	2
	2
	2
	2
	2
	2
	2
	2
	2
	2
	2
	2
	2
	2
ѥ	2
	2
	2
	2
	2
	2
	2
	2
	2
	2
	2
	2
	2
	2
	2
	2
	2
	2
	1
	1
ܫ	1
	1
ޮ	1
	1
	1
	1
	1
î	1
	1
	1
	1
ؾ	1
	1
	1
	1
	1
	1
ϳ	1
	1
	1
Գ	1
	1
	1
	1
	1
	1
	1
	1
	1
	1
	1
	1
	1
	1
	1
	1
	1
	1
	1
	1
	1
	1
ۼ	1
	1
	1
ۧ	1
	1
	1
Y	1
	1
	1
b	1
	1
	1
	1
	1
	1
ɿ	1
	1
	1
	1
	1
	1
	1
	1
	1
	1
	1
	1
	1
	1
	1
̣	1
	1
ئ	1
	1
	1
	1
	1
	1
	1
	1
	1
	1
Ǿ	1
	1
	1
	1
	1
	1
	1
	1
ۭ	1
	1
	1
	1
	1
	1
	1
	1
	1
	1
	1
	1
	1
	1
	1
	1
	1
	1
	1
	1
	1
	1
	1
	1
	1
׸	1
	1
	1
	1
	1
	1
	1
	1
	1
	1
	1
	1
	1
	1
	1
	1
	1
	1
	1
	1
	1
	1
	1
	1
	1
	1
	1
	1
	1
	1
	1
	1
	1
±	1
	1
	1
	1
	1
	1
	1
	1
	1
	1
ޣ	1
	1
	1
	1
	1
	1
	1
	1
	1
	1
	1
	1
	1
	1
	1
	1
	1
	1
	1
	1
	1
u	1
	1
ܥ	1
	1
H	1
	1
	1
	1
	1
	1
	1
	1
	1
	1
ڡ	1
	1
	1
	1
	1
	1
	1
	1
	1
	1
	1
	1
	1
ٯ	1
	1
ج	1
	1
	1
	1
	1
	1
	1
޷	1
	1
	1
	1
	1
	1
	1
	1
	1
	1
	1
	1
	1
	1
	1
	1
	1
	1
	1
	1
	1
	1
	1
	1
	1
H	1
	1
	1
	1
	1
۲	1
ܲ	1
ɻ	1
	1
	1
	1
	1
	1
	1
	1
	1
	1
	1
	1
	1
	1
	1
	1
	1
ȳ	1
ŧ	1
	1
	1
	1
	1
	1
	1
	1
	1
	1
	1
	1
	1
	1
	1
	1
	1
ݣ	1
	1
ذ	1
ڵ	1
	1
	1
	1
	1
	1
	1
	1
	1
Ȭ	1
	1
ȣ	1
	1
	1
	1
	1
	1
	1
	1
	1
	1
	1
	1
	1
ű	1
	1
	1
ͺ	1
Ѿ	1
ݮ	1
	1
	1
	1
ٳ	1
°	1
	1
	1
	1
	1
	1
	1
	1
	1
	1
	1
	1
	1
	1
	1
	1
	1
	1
	1
	1
	1
	1
a	1
	1
	1
	1
	1
	1
	1
	1
	1
	1
	1
	1
	1
	1
	1
	1
	1
	1
	1
	1
J	1
Q	1
	1
	1
	1
	1
	1
	1
	1
	1
	1
	1
	1
	1
P	1
`	1
d	1
	1
	1
	1
	1
	1
	1
	1
	1
	1
ة	1
	1
	1
	1
	1
í	1
	1
	1
Ш	1
	1
ٰ	1
	1
	1
	1
	1
ڨ	1
	1
	1
	1
	1
ա	1
	1
	1
	1
	1
ڼ	1
	1
	1
	1
	1
¾	1
	1
	1
	1
	1
	1
	1
A	1
	1
	1
	1
	1
	1
	1
	1
	1
	1
	1
	1
	1
	1
	1
	1
	1
	1
	1
ں	1
	1
	1
	1
	1
	1
	1
	1
ظ	1
	1
	1
	1
	1
	1
	1
	1
޺	1
	1
	1
ܼ	1
	1
	1
	1
	1
	1
˱	1
	1
	1
	1
	1
	1
	1
	1
	1
	1
	1
	1
	1
	1
	1
	1
	1
	1
	1
	1
	1
	1
	1
պ	1
	1
	1
	1
	1
	1
	1
ų	1
	1
	1
	1
	1
ͳƽ
	12469
	9064
	6876
	5767
	3888
	3793
	3160
	3080
	3050
	2896
5	7
	6
	4
	4
	4
1	4
7	4
	2
	2
	2
	1
2	1
0	1
8	1
4	1
ĸͳƽ
	189
	174
	150
	133
	103
	91
	87
	75
	67
	62
	52
	49
	44
	44
	40
	40
	39
	38
	36
	31
	30
	29
	24
	23
	23
	20
	20
	15
	14
	14
a	13
	11
	10
	10
	10
	8
	8
	8
	7
	7
	7
	7
s	6
t	6
e	6
r	6
	5
	4
	4
	3
	3
i	3
l	3
n	3
g	3
u	3
	2
	2
o	2
y	2
D	1
w	1
f	1
S	1
b	1
c	1
I	1
m	1
d	1
ַͳƽ
	74934
	35986
	23118
	7962
	7960
	4356
	4356
	3258
	2636
	2167
	1940
	1940
	1769
	1464
	1002
	772
	698
	698
	696
	679
	205
	160
	138
	128
	118
	77
	29
	22
	21
 	17
	14
	12
	10
	10
	9
	6
	6
	6
	3
	3
	2
:	2
.	2
#	2
	1
	1
	1
	1
?	1
~	1
-	1
,	1
'	1
